+-------------------------------------------------------------------------------------------------------------------------------------------------------------------------------------------------------------------------+
; Legal Partition Candidates                                                                                                                                                                                              ;
+--------------------+-------+----------------+--------------+----------------+--------+-----------------+---------------+-----------------+-------+----------------+--------------+------------------+-------------------+
; Hierarchy          ; Input ; Constant Input ; Unused Input ; Floating Input ; Output ; Constant Output ; Unused Output ; Floating Output ; Bidir ; Constant Bidir ; Unused Bidir ; Input only Bidir ; Output only Bidir ;
+--------------------+-------+----------------+--------------+----------------+--------+-----------------+---------------+-----------------+-------+----------------+--------------+------------------+-------------------+
; dZeroFlag          ; 16    ; 0              ; 0            ; 0              ; 1      ; 0               ; 0             ; 0               ; 0     ; 0              ; 0            ; 0                ; 0                 ;
; dAuxiliarFlag|Sub4 ; 3     ; 2              ; 0            ; 2              ; 2      ; 2               ; 2             ; 2               ; 0     ; 0              ; 0            ; 0                ; 0                 ;
; dAuxiliarFlag|Sub3 ; 3     ; 1              ; 0            ; 1              ; 2      ; 1               ; 1             ; 1               ; 0     ; 0              ; 0            ; 0                ; 0                 ;
; dAuxiliarFlag|Sub2 ; 3     ; 1              ; 0            ; 1              ; 2      ; 1               ; 1             ; 1               ; 0     ; 0              ; 0            ; 0                ; 0                 ;
; dAuxiliarFlag|Sub1 ; 3     ; 1              ; 0            ; 1              ; 2      ; 1               ; 1             ; 1               ; 0     ; 0              ; 0            ; 0                ; 0                 ;
; dAuxiliarFlag|Sub0 ; 3     ; 1              ; 0            ; 1              ; 2      ; 1               ; 1             ; 1               ; 0     ; 0              ; 0            ; 0                ; 0                 ;
; dAuxiliarFlag|Add4 ; 3     ; 2              ; 0            ; 2              ; 2      ; 2               ; 2             ; 2               ; 0     ; 0              ; 0            ; 0                ; 0                 ;
; dAuxiliarFlag|Add3 ; 3     ; 1              ; 0            ; 1              ; 2      ; 1               ; 1             ; 1               ; 0     ; 0              ; 0            ; 0                ; 0                 ;
; dAuxiliarFlag|Add2 ; 3     ; 1              ; 0            ; 1              ; 2      ; 1               ; 1             ; 1               ; 0     ; 0              ; 0            ; 0                ; 0                 ;
; dAuxiliarFlag|Add1 ; 3     ; 1              ; 0            ; 1              ; 2      ; 1               ; 1             ; 1               ; 0     ; 0              ; 0            ; 0                ; 0                 ;
; dAuxiliarFlag|Add0 ; 3     ; 1              ; 0            ; 1              ; 2      ; 1               ; 1             ; 1               ; 0     ; 0              ; 0            ; 0                ; 0                 ;
; dAuxiliarFlag      ; 36    ; 0              ; 22           ; 0              ; 1      ; 0               ; 0             ; 0               ; 0     ; 0              ; 0            ; 0                ; 0                 ;
; dParidade          ; 16    ; 0              ; 0            ; 0              ; 1      ; 0               ; 0             ; 0               ; 0     ; 0              ; 0            ; 0                ; 0                 ;
+--------------------+-------+----------------+--------------+----------------+--------+-----------------+---------------+-----------------+-------+----------------+--------------+------------------+-------------------+
